{
 "cells": [
  {
   "cell_type": "markdown",
   "id": "a1801de0",
   "metadata": {},
   "source": [
    "## LDA"
   ]
  },
  {
   "cell_type": "code",
   "execution_count": 1,
   "id": "c904e220",
   "metadata": {},
   "outputs": [],
   "source": [
    "import pandas as pd\n",
    "import numpy as np"
   ]
  },
  {
   "cell_type": "code",
   "execution_count": 2,
   "id": "a72d475d",
   "metadata": {},
   "outputs": [
    {
     "name": "stdout",
     "output_type": "stream",
     "text": [
      "   0      1     2     3     4    5     6     7     8     9     10    11    12  \\\n",
      "0   1  14.23  1.71  2.43  15.6  127  2.80  3.06  0.28  2.29  5.64  1.04  3.92   \n",
      "1   1  13.20  1.78  2.14  11.2  100  2.65  2.76  0.26  1.28  4.38  1.05  3.40   \n",
      "2   1  13.16  2.36  2.67  18.6  101  2.80  3.24  0.30  2.81  5.68  1.03  3.17   \n",
      "3   1  14.37  1.95  2.50  16.8  113  3.85  3.49  0.24  2.18  7.80  0.86  3.45   \n",
      "4   1  13.24  2.59  2.87  21.0  118  2.80  2.69  0.39  1.82  4.32  1.04  2.93   \n",
      "\n",
      "     13  \n",
      "0  1065  \n",
      "1  1050  \n",
      "2  1185  \n",
      "3  1480  \n",
      "4   735  \n",
      "class label: [1 2 3]\n"
     ]
    },
    {
     "data": {
      "text/html": [
       "<div>\n",
       "<style scoped>\n",
       "    .dataframe tbody tr th:only-of-type {\n",
       "        vertical-align: middle;\n",
       "    }\n",
       "\n",
       "    .dataframe tbody tr th {\n",
       "        vertical-align: top;\n",
       "    }\n",
       "\n",
       "    .dataframe thead th {\n",
       "        text-align: right;\n",
       "    }\n",
       "</style>\n",
       "<table border=\"1\" class=\"dataframe\">\n",
       "  <thead>\n",
       "    <tr style=\"text-align: right;\">\n",
       "      <th></th>\n",
       "      <th>class label</th>\n",
       "      <th>alchohol</th>\n",
       "      <th>malic acid</th>\n",
       "      <th>ash</th>\n",
       "      <th>alcalinity of ash</th>\n",
       "      <th>magnesium</th>\n",
       "      <th>total phenols</th>\n",
       "      <th>flavanoids</th>\n",
       "      <th>nonflavanoid phenols</th>\n",
       "      <th>proanthocyanins</th>\n",
       "      <th>color intensity</th>\n",
       "      <th>hue</th>\n",
       "      <th>OD208</th>\n",
       "      <th>proline</th>\n",
       "    </tr>\n",
       "  </thead>\n",
       "  <tbody>\n",
       "    <tr>\n",
       "      <th>0</th>\n",
       "      <td>1</td>\n",
       "      <td>14.23</td>\n",
       "      <td>1.71</td>\n",
       "      <td>2.43</td>\n",
       "      <td>15.6</td>\n",
       "      <td>127</td>\n",
       "      <td>2.80</td>\n",
       "      <td>3.06</td>\n",
       "      <td>0.28</td>\n",
       "      <td>2.29</td>\n",
       "      <td>5.64</td>\n",
       "      <td>1.04</td>\n",
       "      <td>3.92</td>\n",
       "      <td>1065</td>\n",
       "    </tr>\n",
       "    <tr>\n",
       "      <th>1</th>\n",
       "      <td>1</td>\n",
       "      <td>13.20</td>\n",
       "      <td>1.78</td>\n",
       "      <td>2.14</td>\n",
       "      <td>11.2</td>\n",
       "      <td>100</td>\n",
       "      <td>2.65</td>\n",
       "      <td>2.76</td>\n",
       "      <td>0.26</td>\n",
       "      <td>1.28</td>\n",
       "      <td>4.38</td>\n",
       "      <td>1.05</td>\n",
       "      <td>3.40</td>\n",
       "      <td>1050</td>\n",
       "    </tr>\n",
       "    <tr>\n",
       "      <th>2</th>\n",
       "      <td>1</td>\n",
       "      <td>13.16</td>\n",
       "      <td>2.36</td>\n",
       "      <td>2.67</td>\n",
       "      <td>18.6</td>\n",
       "      <td>101</td>\n",
       "      <td>2.80</td>\n",
       "      <td>3.24</td>\n",
       "      <td>0.30</td>\n",
       "      <td>2.81</td>\n",
       "      <td>5.68</td>\n",
       "      <td>1.03</td>\n",
       "      <td>3.17</td>\n",
       "      <td>1185</td>\n",
       "    </tr>\n",
       "    <tr>\n",
       "      <th>3</th>\n",
       "      <td>1</td>\n",
       "      <td>14.37</td>\n",
       "      <td>1.95</td>\n",
       "      <td>2.50</td>\n",
       "      <td>16.8</td>\n",
       "      <td>113</td>\n",
       "      <td>3.85</td>\n",
       "      <td>3.49</td>\n",
       "      <td>0.24</td>\n",
       "      <td>2.18</td>\n",
       "      <td>7.80</td>\n",
       "      <td>0.86</td>\n",
       "      <td>3.45</td>\n",
       "      <td>1480</td>\n",
       "    </tr>\n",
       "    <tr>\n",
       "      <th>4</th>\n",
       "      <td>1</td>\n",
       "      <td>13.24</td>\n",
       "      <td>2.59</td>\n",
       "      <td>2.87</td>\n",
       "      <td>21.0</td>\n",
       "      <td>118</td>\n",
       "      <td>2.80</td>\n",
       "      <td>2.69</td>\n",
       "      <td>0.39</td>\n",
       "      <td>1.82</td>\n",
       "      <td>4.32</td>\n",
       "      <td>1.04</td>\n",
       "      <td>2.93</td>\n",
       "      <td>735</td>\n",
       "    </tr>\n",
       "  </tbody>\n",
       "</table>\n",
       "</div>"
      ],
      "text/plain": [
       "   class label  alchohol  malic acid   ash  alcalinity of ash  magnesium  \\\n",
       "0            1     14.23        1.71  2.43               15.6        127   \n",
       "1            1     13.20        1.78  2.14               11.2        100   \n",
       "2            1     13.16        2.36  2.67               18.6        101   \n",
       "3            1     14.37        1.95  2.50               16.8        113   \n",
       "4            1     13.24        2.59  2.87               21.0        118   \n",
       "\n",
       "   total phenols  flavanoids  nonflavanoid phenols  proanthocyanins  \\\n",
       "0           2.80        3.06                  0.28             2.29   \n",
       "1           2.65        2.76                  0.26             1.28   \n",
       "2           2.80        3.24                  0.30             2.81   \n",
       "3           3.85        3.49                  0.24             2.18   \n",
       "4           2.80        2.69                  0.39             1.82   \n",
       "\n",
       "   color intensity   hue  OD208  proline  \n",
       "0             5.64  1.04   3.92     1065  \n",
       "1             4.38  1.05   3.40     1050  \n",
       "2             5.68  1.03   3.17     1185  \n",
       "3             7.80  0.86   3.45     1480  \n",
       "4             4.32  1.04   2.93      735  "
      ]
     },
     "execution_count": 2,
     "metadata": {},
     "output_type": "execute_result"
    }
   ],
   "source": [
    "# 와인 데이터\n",
    "# 데이터 불러오기. y값은 이미 범주형으로 되어있음.\n",
    "# y class (1,2,3) 3개, 특성변수 x 13개\n",
    "dat_wine=pd.read_csv('http://archive.ics.uci.edu/ml/machine-learning-databases/'\n",
    "                     'wine/wine.data',header=None)\n",
    "print(dat_wine.head())\n",
    "dat_wine.columns = ['class label', 'alchohol', 'malic acid', 'ash', \n",
    "                    'alcalinity of ash', 'magnesium', 'total phenols', \n",
    "                    'flavanoids', 'nonflavanoid phenols', \n",
    "                    'proanthocyanins', 'color intensity', 'hue', \n",
    "                    'OD208', 'proline']  # Column names\n",
    "print('class label:', np.unique(dat_wine['class label']))  # Class 출력\n",
    "dat_wine.head()"
   ]
  },
  {
   "cell_type": "code",
   "execution_count": 16,
   "id": "9daab86f",
   "metadata": {},
   "outputs": [
    {
     "name": "stdout",
     "output_type": "stream",
     "text": [
      "0.9625223875045776\n",
      "0.00010552661115070805\n"
     ]
    }
   ],
   "source": [
    "import scipy.stats as stats\n",
    "test_stat, p_val = stats.shapiro(dat_wine.iloc[:,8])\n",
    "print(test_stat)\n",
    "print(p_val)"
   ]
  },
  {
   "cell_type": "code",
   "execution_count": 21,
   "id": "0b21eaf8",
   "metadata": {},
   "outputs": [
    {
     "name": "stdout",
     "output_type": "stream",
     "text": [
      "(178, 14)\n"
     ]
    }
   ],
   "source": [
    "print(dat_wine.shape)"
   ]
  },
  {
   "cell_type": "code",
   "execution_count": 9,
   "id": "5573fbba",
   "metadata": {},
   "outputs": [],
   "source": [
    "# 전체 data를 training set과 test set으로 split\n",
    "from sklearn.model_selection import train_test_split\n",
    "X, y = dat_wine.iloc[:,1:].values, dat_wine.iloc[:,0].values\n",
    "X_train, X_test, y_train,y_test = \\\n",
    "    train_test_split(X, y, test_size=0.3, random_state=1, stratify=y)"
   ]
  },
  {
   "cell_type": "code",
   "execution_count": 10,
   "id": "6447ec57",
   "metadata": {},
   "outputs": [
    {
     "name": "stdout",
     "output_type": "stream",
     "text": [
      "1.0\n",
      "0.9814814814814815\n"
     ]
    }
   ],
   "source": [
    "# LDA 적합\n",
    "from sklearn.discriminant_analysis import LinearDiscriminantAnalysis\n",
    "cld=LinearDiscriminantAnalysis(store_covariance=True)\n",
    "cld.fit(X_train, y_train) # LDA 적합\n",
    "y_train_pred=cld.predict(X_train)\n",
    "y_test_pred=cld.predict(X_test)\n",
    "\n",
    "from sklearn.metrics import accuracy_score\n",
    "print(accuracy_score(y_train, y_train_pred)) # train data에 대한 accuracy\n",
    "print(accuracy_score(y_test, y_test_pred)) # test data에 대한 accuracy"
   ]
  },
  {
   "cell_type": "code",
   "execution_count": 12,
   "id": "99037078",
   "metadata": {},
   "outputs": [
    {
     "name": "stdout",
     "output_type": "stream",
     "text": [
      "[[1.36785366e+01 2.02317073e+00 2.45439024e+00 1.71365854e+01\n",
      "  1.05341463e+02 2.86219512e+00 3.02731707e+00 2.89268293e-01\n",
      "  1.95634146e+00 5.52000000e+00 1.06878049e+00 3.15609756e+00\n",
      "  1.11382927e+03]\n",
      " [1.22118000e+01 2.02160000e+00 2.27140000e+00 2.06780000e+01\n",
      "  9.34000000e+01 2.21060000e+00 2.04080000e+00 3.84000000e-01\n",
      "  1.58700000e+00 3.04620000e+00 1.04052000e+00 2.77820000e+00\n",
      "  4.94980000e+02]\n",
      " [1.31745455e+01 3.56666667e+00 2.42181818e+00 2.13181818e+01\n",
      "  1.00212121e+02 1.68151515e+00 7.77878788e-01 4.48787879e-01\n",
      "  1.17727273e+00 7.49424242e+00 6.86363636e-01 1.68090909e+00\n",
      "  6.49090909e+02]]\n"
     ]
    }
   ],
   "source": [
    "# 클래스별 평균\n",
    "print(cld.means_)"
   ]
  },
  {
   "cell_type": "code",
   "execution_count": 13,
   "id": "8c90ed5d",
   "metadata": {},
   "outputs": [
    {
     "name": "stdout",
     "output_type": "stream",
     "text": [
      "[1.29529839e+01 2.43330645e+00 2.37193548e+00 1.96774194e+01\n",
      " 9.91612903e+01 2.28524194e+00 2.03088710e+00 3.69919355e-01\n",
      " 1.60008065e+00 5.04790323e+00 9.55612903e-01 2.61112903e+00\n",
      " 7.40612903e+02]\n"
     ]
    }
   ],
   "source": [
    "# 특성변수의 평균\n",
    "print(cld.xbar_)"
   ]
  },
  {
   "cell_type": "code",
   "execution_count": 14,
   "id": "4e44bc2f",
   "metadata": {},
   "outputs": [
    {
     "name": "stdout",
     "output_type": "stream",
     "text": [
      "[[ 2.41615068e-01  3.84592439e-02 -5.24867188e-03 -2.30283993e-03\n",
      "  -7.86881482e-02  1.11713745e-02  1.33361710e-02 -4.67113583e-04\n",
      "   1.07053192e-02  1.77454884e-01  4.91173257e-04 -1.62968428e-02\n",
      "   8.54595097e+00]\n",
      " [ 3.84592439e-02  8.32381396e-01  2.83227199e-02  4.00338741e-01\n",
      "  -5.87202072e-01 -9.42715080e-03 -9.52135930e-03  7.35759507e-03\n",
      "   4.69856098e-02 -1.45330075e-01 -4.62261537e-02  5.60318655e-02\n",
      "  -2.84926307e+01]\n",
      " [-5.24867188e-03  2.83227199e-02  6.80395376e-02  4.91619869e-01\n",
      "   5.99821043e-01  2.86110643e-02  5.76375339e-02  7.22680996e-03\n",
      "   4.46800139e-03  5.20767053e-02  3.63662334e-03  2.06618862e-02\n",
      "  -5.77687326e-02]\n",
      " [-2.30283993e-03  4.00338741e-01  4.91619869e-01  8.43814527e+00\n",
      "   4.38952042e+00  1.97406921e-01  4.41501428e-01  4.11469745e-02\n",
      "   1.66482453e-01  5.67441496e-02  9.41799084e-04  3.51744582e-01\n",
      "   4.43128671e+00]\n",
      " [-7.86881482e-02 -5.87202072e-01  5.99821043e-01  4.38952042e+00\n",
      "   1.48134957e+02  8.43279534e-01  1.38061621e+00 -3.28155413e-01\n",
      "   5.56857342e-01  3.61988954e+00  1.89694578e-01  9.87314927e-03\n",
      "   3.46630273e+02]\n",
      " [ 1.11713745e-02 -9.42715080e-03  2.86110643e-02  1.97406921e-01\n",
      "   8.43279534e-01  1.86017812e-01  1.59137286e-01 -7.54268984e-03\n",
      "   8.76585132e-02  1.57237918e-01  3.01625786e-03  6.87287078e-02\n",
      "   8.58775339e+00]\n",
      " [ 1.33361710e-02 -9.52135930e-03  5.76375339e-02  4.41501428e-01\n",
      "   1.38061621e+00  1.59137286e-01  2.85851003e-01 -1.42042366e-02\n",
      "   1.24633279e-01  3.07526201e-01 -4.07281848e-03  7.69702126e-02\n",
      "   6.35732567e+00]\n",
      " [-4.67113583e-04  7.35759507e-03  7.22680996e-03  4.11469745e-02\n",
      "  -3.28155413e-01 -7.54268984e-03 -1.42042366e-02  1.25695933e-02\n",
      "  -9.75257135e-03  2.78652981e-03  9.21402904e-04 -1.28671025e-02\n",
      "   3.05100923e-01]\n",
      " [ 1.07053192e-02  4.69856098e-02  4.46800139e-03  1.66482453e-01\n",
      "   5.56857342e-01  8.76585132e-02  1.24633279e-01 -9.75257135e-03\n",
      "   2.19942385e-01  2.02321870e-01 -7.37348548e-03  5.10961811e-02\n",
      "   1.14237062e+01]\n",
      " [ 1.77454884e-01 -1.45330075e-01  5.20767053e-02  5.67441496e-02\n",
      "   3.61988954e+00  1.57237918e-01  3.07526201e-01  2.78652981e-03\n",
      "   2.02321870e-01  2.19148052e+00 -3.74886460e-02 -1.11019913e-01\n",
      "   7.34130119e+01]\n",
      " [ 4.91173257e-04 -4.62261537e-02  3.63662334e-03  9.41799084e-04\n",
      "   1.89694578e-01  3.01625786e-03 -4.07281848e-03  9.21402904e-04\n",
      "  -7.37348548e-03 -3.74886460e-02  2.56624608e-02 -3.25483251e-03\n",
      "   3.92341042e+00]\n",
      " [-1.62968428e-02  5.60318655e-02  2.06618862e-02  3.51744582e-01\n",
      "   9.87314927e-03  6.87287078e-02  7.69702126e-02 -1.28671025e-02\n",
      "   5.10961811e-02 -1.11019913e-01 -3.25483251e-03  1.68851503e-01\n",
      "  -9.00799874e+00]\n",
      " [ 8.54595097e+00 -2.84926307e+01 -5.77687326e-02  4.43128671e+00\n",
      "   3.46630273e+02  8.58775339e+00  6.35732567e+00  3.05100923e-01\n",
      "   1.14237062e+01  7.34130119e+01  3.92341042e+00 -9.00799874e+00\n",
      "   2.91865283e+04]]\n"
     ]
    }
   ],
   "source": [
    "# 각 x 마다 covariance 같기 때문에 13X13 한개 나옴\n",
    "print(cld.covariance_)"
   ]
  },
  {
   "cell_type": "code",
   "execution_count": 15,
   "id": "b0c73cb2",
   "metadata": {},
   "outputs": [
    {
     "name": "stdout",
     "output_type": "stream",
     "text": [
      "[-67.42856949  36.51807749  -1.65569344]\n"
     ]
    }
   ],
   "source": [
    "print(cld.intercept_)"
   ]
  },
  {
   "cell_type": "code",
   "execution_count": 16,
   "id": "80002045",
   "metadata": {},
   "outputs": [
    {
     "name": "stdout",
     "output_type": "stream",
     "text": [
      "[[ 3.31363106e+00 -1.50074077e-01  3.52564251e+00 -8.89161617e-01\n",
      "   1.52342343e-02 -2.17293267e+00  5.03235438e+00  3.12123703e+00\n",
      "  -6.92880046e-01 -8.98897257e-01  1.13259908e+00  4.18153518e+00\n",
      "   1.45033209e-02]\n",
      " [-2.46059543e+00 -5.42764250e-01 -5.84259880e+00  3.74068465e-01\n",
      "  -7.58334217e-03 -6.65402628e-01  2.13832396e+00  5.34725357e+00\n",
      "   4.54059921e-01 -5.81709854e-01  3.80466959e+00 -3.06608438e-01\n",
      "  -7.64653043e-03]\n",
      " [-3.88760666e-01  1.00882575e+00  4.47207870e+00  5.37945547e-01\n",
      "  -7.43746969e-03  3.70789002e+00 -9.49220387e+00 -1.19797999e+01\n",
      "   1.72881390e-01  1.99819031e+00 -7.17181945e+00 -4.73068243e+00\n",
      "  -6.43362530e-03]]\n"
     ]
    }
   ],
   "source": [
    "print(cld.coef_)"
   ]
  },
  {
   "cell_type": "markdown",
   "id": "f8dcdaa7",
   "metadata": {},
   "source": [
    "## QDA"
   ]
  },
  {
   "cell_type": "code",
   "execution_count": 17,
   "id": "d1b6b763",
   "metadata": {},
   "outputs": [
    {
     "name": "stdout",
     "output_type": "stream",
     "text": [
      "1.0\n",
      "0.9629629629629629\n"
     ]
    }
   ],
   "source": [
    "from sklearn.discriminant_analysis import QuadraticDiscriminantAnalysis\n",
    "cqd=QuadraticDiscriminantAnalysis(store_covariance=True)\n",
    "\n",
    "cqd.fit(X_train, y_train) # QDA 적합\n",
    "y_train_pred=cqd.predict(X_train)\n",
    "y_test_pred=cqd.predict(X_test)\n",
    "\n",
    "from sklearn.metrics import accuracy_score\n",
    "print(accuracy_score(y_train, y_train_pred)) # train data에 대한 accuracy\n",
    "print(accuracy_score(y_test, y_test_pred)) # test data에 대한 accuracy"
   ]
  },
  {
   "cell_type": "code",
   "execution_count": 18,
   "id": "50db1a90",
   "metadata": {},
   "outputs": [
    {
     "name": "stdout",
     "output_type": "stream",
     "text": [
      "[[1.36785366e+01 2.02317073e+00 2.45439024e+00 1.71365854e+01\n",
      "  1.05341463e+02 2.86219512e+00 3.02731707e+00 2.89268293e-01\n",
      "  1.95634146e+00 5.52000000e+00 1.06878049e+00 3.15609756e+00\n",
      "  1.11382927e+03]\n",
      " [1.22118000e+01 2.02160000e+00 2.27140000e+00 2.06780000e+01\n",
      "  9.34000000e+01 2.21060000e+00 2.04080000e+00 3.84000000e-01\n",
      "  1.58700000e+00 3.04620000e+00 1.04052000e+00 2.77820000e+00\n",
      "  4.94980000e+02]\n",
      " [1.31745455e+01 3.56666667e+00 2.42181818e+00 2.13181818e+01\n",
      "  1.00212121e+02 1.68151515e+00 7.77878788e-01 4.48787879e-01\n",
      "  1.17727273e+00 7.49424242e+00 6.86363636e-01 1.68090909e+00\n",
      "  6.49090909e+02]]\n"
     ]
    }
   ],
   "source": [
    "# 각 클래스의 평균\n",
    "print(cqd.means_)"
   ]
  },
  {
   "cell_type": "code",
   "execution_count": 19,
   "id": "c2b8932a",
   "metadata": {},
   "outputs": [
    {
     "name": "stdout",
     "output_type": "stream",
     "text": [
      "[array([[ 1.88392805e-01,  6.34225610e-03, -4.89091463e-03,\n",
      "        -3.39720122e-01,  6.89012195e-01,  8.64857927e-02,\n",
      "         1.01840976e-01,  3.54390244e-03,  7.13220122e-02,\n",
      "         2.42672500e-01,  9.28067073e-03, -1.68353659e-04,\n",
      "         3.81782439e+01],\n",
      "       [ 6.34225610e-03,  4.38907195e-01,  4.16073171e-03,\n",
      "        -1.00268902e-01,  6.11140244e-01, -1.74046341e-02,\n",
      "        -3.93262805e-02, -1.19451220e-02,  6.80189024e-03,\n",
      "        -1.98287500e-01, -2.79760366e-02,  5.71951829e-02,\n",
      "        -5.63499451e+01],\n",
      "       [-4.89091463e-03,  4.16073171e-03,  4.81202439e-02,\n",
      "         2.03210366e-01,  7.39213415e-01,  3.69262195e-03,\n",
      "        -5.40042683e-03,  6.14829268e-03, -1.97610366e-02,\n",
      "        -3.14325000e-02,  5.37298780e-03, -2.10493902e-03,\n",
      "        -4.20573171e+00],\n",
      "       [-3.39720122e-01, -1.00268902e-01,  2.03210366e-01,\n",
      "         5.99737805e+00,  3.34969512e+00, -2.46057317e-01,\n",
      "        -3.70624390e-01,  3.18024390e-02, -2.83162805e-01,\n",
      "        -6.45675000e-01,  2.89707317e-02, -5.40786585e-02,\n",
      "        -4.79235976e+01],\n",
      "       [ 6.89012195e-01,  6.11140244e-01,  7.39213415e-01,\n",
      "         3.34969512e+00,  9.46804878e+01,  1.07123171e+00,\n",
      "         3.52439024e-01,  1.62006098e-01, -6.40469512e-01,\n",
      "         3.01025000e+00, -1.47823171e-01, -1.78884146e-01,\n",
      "        -2.40490244e+02],\n",
      "       [ 8.64857927e-02, -1.74046341e-02,  3.69262195e-03,\n",
      "        -2.46057317e-01,  1.07123171e+00,  1.26317561e-01,\n",
      "         1.14111037e-01,  1.71164634e-03,  5.31307317e-02,\n",
      "         3.03757500e-01, -7.75225610e-03,  5.16628049e-03,\n",
      "         3.14183841e+01],\n",
      "       [ 1.01840976e-01, -3.93262805e-02, -5.40042683e-03,\n",
      "        -3.70624390e-01,  3.52439024e-01,  1.14111037e-01,\n",
      "         1.71760122e-01, -4.72012195e-04,  9.30149390e-02,\n",
      "         4.20522500e-01,  2.83414634e-03, -1.78282317e-02,\n",
      "         4.48060305e+01],\n",
      "       [ 3.54390244e-03, -1.19451220e-02,  6.14829268e-03,\n",
      "         3.18024390e-02,  1.62006098e-01,  1.71164634e-03,\n",
      "        -4.72012195e-04,  5.65695122e-03, -5.50274390e-03,\n",
      "        -6.10250000e-03,  4.25408537e-03, -1.03129268e-02,\n",
      "         3.42871951e-01],\n",
      "       [ 7.13220122e-02,  6.80189024e-03, -1.97610366e-02,\n",
      "        -2.83162805e-01, -6.40469512e-01,  5.31307317e-02,\n",
      "         9.30149390e-02, -5.50274390e-03,  1.91423780e-01,\n",
      "         2.70202500e-01,  7.23542683e-03, -8.65713415e-03,\n",
      "         2.24856098e+01],\n",
      "       [ 2.42672500e-01, -1.98287500e-01, -3.14325000e-02,\n",
      "        -6.45675000e-01,  3.01025000e+00,  3.03757500e-01,\n",
      "         4.20522500e-01, -6.10250000e-03,  2.70202500e-01,\n",
      "         1.74409000e+00,  4.25000000e-03, -1.17725000e-01,\n",
      "         1.89969000e+02],\n",
      "       [ 9.28067073e-03, -2.79760366e-02,  5.37298780e-03,\n",
      "         2.89707317e-02, -1.47823171e-01, -7.75225610e-03,\n",
      "         2.83414634e-03,  4.25408537e-03,  7.23542683e-03,\n",
      "         4.25000000e-03,  1.40959756e-02, -1.45373780e-02,\n",
      "         9.64628659e+00],\n",
      "       [-1.68353659e-04,  5.71951829e-02, -2.10493902e-03,\n",
      "        -5.40786585e-02, -1.78884146e-01,  5.16628049e-03,\n",
      "        -1.78282317e-02, -1.03129268e-02, -8.65713415e-03,\n",
      "        -1.17725000e-01, -1.45373780e-02,  1.16329390e-01,\n",
      "        -2.84739329e+01],\n",
      "       [ 3.81782439e+01, -5.63499451e+01, -4.20573171e+00,\n",
      "        -4.79235976e+01, -2.40490244e+02,  3.14183841e+01,\n",
      "         4.48060305e+01,  3.42871951e-01,  2.24856098e+01,\n",
      "         1.89969000e+02,  9.64628659e+00, -2.84739329e+01,\n",
      "         5.21479451e+04]]), array([[ 2.95843633e-01, -2.11131429e-02, -2.24597143e-02,\n",
      "         1.51958776e-01, -2.96653061e-01, -5.02766122e-02,\n",
      "        -4.73382041e-02, -6.85632653e-03, -5.85495918e-02,\n",
      "         1.27127388e-01, -5.80340408e-03, -4.00620000e-02,\n",
      "        -8.41187755e-01],\n",
      "       [-2.11131429e-02,  9.45928000e-01,  6.16711837e-02,\n",
      "         6.81280816e-01, -2.95346939e-01,  2.75663673e-02,\n",
      "         6.44823673e-02,  1.59363265e-02,  1.51686531e-01,\n",
      "        -1.13720327e-01, -9.07388082e-02,  8.74886531e-02,\n",
      "        -1.17058857e+01],\n",
      "       [-2.24597143e-02,  6.16711837e-02,  1.11012286e-01,\n",
      "         8.49419184e-01,  6.07183673e-01,  5.01542449e-02,\n",
      "         1.39623347e-01,  1.40514286e-02,  1.83532653e-02,\n",
      "         7.95870612e-02,  3.64497143e-03,  4.99474694e-02,\n",
      "         4.82982449e+00],\n",
      "       [ 1.51958776e-01,  6.81280816e-01,  8.49419184e-01,\n",
      "         1.27964449e+01,  5.97020408e+00,  5.50237959e-01,\n",
      "         1.34426286e+00,  7.08653061e-02,  5.58197959e-01,\n",
      "         9.75065306e-02, -2.54128163e-02,  9.12428980e-01,\n",
      "         5.52934286e+01],\n",
      "       [-2.96653061e-01, -2.95346939e-01,  6.07183673e-01,\n",
      "         5.97020408e+00,  2.05673469e+02,  1.51424490e+00,\n",
      "         1.77334694e+00, -4.05102041e-01,  1.61877551e+00,\n",
      "         2.71114286e+00,  6.55502041e-01,  7.87265306e-01,\n",
      "         8.29089796e+02],\n",
      "       [-5.02766122e-02,  2.75663673e-02,  5.01542449e-02,\n",
      "         5.50237959e-01,  1.51424490e+00,  3.03385347e-01,\n",
      "         3.04936245e-01, -3.12208163e-02,  1.45587551e-01,\n",
      "         7.25451837e-02,  8.87192653e-03,  1.57480694e-01,\n",
      "        -6.23060000e+00],\n",
      "       [-4.73382041e-02,  6.44823673e-02,  1.39623347e-01,\n",
      "         1.34426286e+00,  1.77334694e+00,  3.04936245e-01,\n",
      "         5.26064653e-01, -1.94277551e-02,  2.18771837e-01,\n",
      "         2.67194939e-01, -6.67022041e-03,  2.33123918e-01,\n",
      "        -1.48054939e+01],\n",
      "       [-6.85632653e-03,  1.59363265e-02,  1.40514286e-02,\n",
      "         7.08653061e-02, -4.05102041e-01, -3.12208163e-02,\n",
      "        -1.94277551e-02,  1.58897959e-02, -2.72204082e-02,\n",
      "         1.28195918e-02, -2.61763265e-03, -2.83253061e-02,\n",
      "        -1.19685714e+00],\n",
      "       [-5.85495918e-02,  1.51686531e-01,  1.83532653e-02,\n",
      "         5.58197959e-01,  1.61877551e+00,  1.45587551e-01,\n",
      "         2.18771837e-01, -2.72204082e-02,  3.19372449e-01,\n",
      "        -5.16095918e-02, -1.39184082e-02,  1.50998571e-01,\n",
      "         5.51014286e+00],\n",
      "       [ 1.27127388e-01, -1.13720327e-01,  7.95870612e-02,\n",
      "         9.75065306e-02,  2.71114286e+00,  7.25451837e-02,\n",
      "         2.67194939e-01,  1.28195918e-02, -5.16095918e-02,\n",
      "         9.10166898e-01, -9.18777959e-03, -1.19170245e-01,\n",
      "         7.18828980e+00],\n",
      "       [-5.80340408e-03, -9.07388082e-02,  3.64497143e-03,\n",
      "        -2.54128163e-02,  6.55502041e-01,  8.87192653e-03,\n",
      "        -6.67022041e-03, -2.61763265e-03, -1.39184082e-02,\n",
      "        -9.18777959e-03,  4.43947445e-02, -2.95945306e-03,\n",
      "         2.11960245e+00],\n",
      "       [-4.00620000e-02,  8.74886531e-02,  4.99474694e-02,\n",
      "         9.12428980e-01,  7.87265306e-01,  1.57480694e-01,\n",
      "         2.33123918e-01, -2.83253061e-02,  1.50998571e-01,\n",
      "        -1.19170245e-01, -2.95945306e-03,  2.87913020e-01,\n",
      "        -4.89105714e+00],\n",
      "       [-8.41187755e-01, -1.17058857e+01,  4.82982449e+00,\n",
      "         5.52934286e+01,  8.29089796e+02, -6.23060000e+00,\n",
      "        -1.48054939e+01, -1.19685714e+00,  5.51014286e+00,\n",
      "         7.18828980e+00,  2.11960245e+00, -4.89105714e+00,\n",
      "         2.13569180e+04]]), array([[ 2.47756818e-01,  1.73431250e-01,  2.01664773e-02,\n",
      "         1.83039773e-01, -7.11931818e-01,  1.21678977e-02,\n",
      "        -3.13693182e-03,  4.25880682e-03,  4.19846591e-02,\n",
      "         1.89633239e-01, -8.11079545e-04, -1.59488636e-03,\n",
      "        -1.33191761e+01],\n",
      "       [ 1.73431250e-01,  1.22839167e+00,  1.01156250e-02,\n",
      "         6.33437500e-01, -2.58708333e+00, -5.69854167e-02,\n",
      "        -8.64760417e-02,  1.90395833e-02, -5.87031250e-02,\n",
      "        -1.41160417e-01, -5.21250000e-03,  1.16625000e-02,\n",
      "        -2.20468750e+01],\n",
      "       [ 2.01664773e-02,  1.01156250e-02,  3.35153409e-02,\n",
      "         3.50340909e-01,  4.70539773e-01,  2.94534091e-02,\n",
      "         1.62977273e-02, -1.19772727e-03,  1.39113636e-02,\n",
      "         1.19220170e-01,  1.79431818e-03,  6.21392045e-03,\n",
      "        -2.36235795e+00],\n",
      "       [ 1.83039773e-01,  6.33437500e-01,  3.50340909e-01,\n",
      "         5.60653409e+00,  3.68039773e+00,  2.29971591e-01,\n",
      "         1.15696023e-01,  1.11789773e-02,  1.44332386e-01,\n",
      "         8.77670455e-01,  6.34943182e-03,  3.34517045e-02,\n",
      "        -7.59232955e+00],\n",
      "       [-7.11931818e-01, -2.58708333e+00,  4.70539773e-01,\n",
      "         3.68039773e+00,  1.40734848e+02, -3.90018939e-01,\n",
      "         2.19390152e+00, -8.53797348e-01,  4.79659091e-01,\n",
      "         6.11282197e+00, -8.38920455e-02, -9.43636364e-01,\n",
      "         3.74261364e+02],\n",
      "       [ 1.21678977e-02, -5.69854167e-02,  2.94534091e-02,\n",
      "         2.29971591e-01, -3.90018939e-01,  9.83632576e-02,\n",
      "         7.08456439e-03,  1.64393939e-02,  5.03323864e-02,\n",
      "         1.18515246e-01,  7.79318182e-03,  1.87235795e-02,\n",
      "         3.54517045e+00],\n",
      "       [-3.13693182e-03, -8.64760417e-02,  1.62977273e-02,\n",
      "         1.15696023e-01,  2.19390152e+00,  7.08456439e-03,\n",
      "         8.74359848e-02, -2.47026515e-02,  3.16909091e-02,\n",
      "         2.56868655e-01, -9.11107955e-03, -3.64261364e-02,\n",
      "        -8.70198864e+00],\n",
      "       [ 4.25880682e-03,  1.90395833e-02, -1.19772727e-03,\n",
      "         1.11789773e-02, -8.53797348e-01,  1.64393939e-02,\n",
      "        -2.47026515e-02,  1.73047348e-02,  1.07684659e-02,\n",
      "        -1.20407197e-03,  2.26107955e-03,  6.40426136e-03,\n",
      "         2.58636364e+00],\n",
      "       [ 4.19846591e-02, -5.87031250e-02,  1.39113636e-02,\n",
      "         1.44332386e-01,  4.79659091e-01,  5.03323864e-02,\n",
      "         3.16909091e-02,  1.07684659e-02,  1.23957955e-01,\n",
      "         5.25271307e-01, -1.63039773e-02, -2.23974432e-02,\n",
      "         7.72244318e+00],\n",
      "       [ 1.89633239e-01, -1.41160417e-01,  1.19220170e-01,\n",
      "         8.77670455e-01,  6.11282197e+00,  1.18515246e-01,\n",
      "         2.56868655e-01, -1.20407197e-03,  5.25271307e-01,\n",
      "         4.91818144e+00, -1.36512216e-01, -1.00566477e-01,\n",
      "         3.60071023e+01],\n",
      "       [-8.11079545e-04, -5.21250000e-03,  1.79431818e-03,\n",
      "         6.34943182e-03, -8.38920455e-02,  7.79318182e-03,\n",
      "        -9.11107955e-03,  2.26107955e-03, -1.63039773e-02,\n",
      "        -1.36512216e-01,  1.38426136e-02,  1.00909091e-02,\n",
      "        -1.00284091e-01],\n",
      "       [-1.59488636e-03,  1.16625000e-02,  6.21392045e-03,\n",
      "         3.34517045e-02, -9.43636364e-01,  1.87235795e-02,\n",
      "        -3.64261364e-02,  6.40426136e-03, -2.23974432e-02,\n",
      "        -1.00566477e-01,  1.00909091e-02,  6.80210227e-02,\n",
      "         8.17585227e+00],\n",
      "       [-1.33191761e+01, -2.20468750e+01, -2.36235795e+00,\n",
      "        -7.59232955e+00,  3.74261364e+02,  3.54517045e+00,\n",
      "        -8.70198864e+00,  2.58636364e+00,  7.72244318e+00,\n",
      "         3.60071023e+01, -1.00284091e-01,  8.17585227e+00,\n",
      "         1.52100852e+04]])]\n"
     ]
    }
   ],
   "source": [
    "# 13개 특성 변수의 covariance 다르기 때문에 13X13이 13개 나옴\n",
    "print(cqd.covariance_)"
   ]
  },
  {
   "cell_type": "markdown",
   "id": "38789b1a",
   "metadata": {},
   "source": [
    "## naive Bayesian"
   ]
  },
  {
   "cell_type": "code",
   "execution_count": 22,
   "id": "9caaaf3d",
   "metadata": {},
   "outputs": [],
   "source": [
    "from sklearn.naive_bayes import GaussianNB\n",
    "gnb=GaussianNB()\n",
    "gnb.fit(X_train, y_train)\n",
    "y_test_pred=gnb.predict(X_test)"
   ]
  },
  {
   "cell_type": "code",
   "execution_count": 24,
   "id": "2026bb3c",
   "metadata": {},
   "outputs": [
    {
     "name": "stdout",
     "output_type": "stream",
     "text": [
      "1.0\n",
      "0.9814814814814815\n"
     ]
    }
   ],
   "source": [
    "from sklearn.metrics import accuracy_score\n",
    "print(accuracy_score(y_train, y_train_pred)) # train data에 대한 accuracy\n",
    "print(accuracy_score(y_test, y_test_pred))"
   ]
  },
  {
   "cell_type": "code",
   "execution_count": 25,
   "id": "14ae8432",
   "metadata": {},
   "outputs": [
    {
     "name": "stdout",
     "output_type": "stream",
     "text": [
      "[[17  1  0]\n",
      " [ 0 21  0]\n",
      " [ 0  0 15]]\n"
     ]
    }
   ],
   "source": [
    "# 분류 결과\n",
    "from sklearn.metrics import confusion_matrix \n",
    "mat=confusion_matrix(y_test, y_test_pred)\n",
    "print(mat)"
   ]
  },
  {
   "cell_type": "code",
   "execution_count": null,
   "id": "03111263",
   "metadata": {},
   "outputs": [],
   "source": []
  }
 ],
 "metadata": {
  "kernelspec": {
   "display_name": "Python 3",
   "language": "python",
   "name": "python3"
  },
  "language_info": {
   "codemirror_mode": {
    "name": "ipython",
    "version": 3
   },
   "file_extension": ".py",
   "mimetype": "text/x-python",
   "name": "python",
   "nbconvert_exporter": "python",
   "pygments_lexer": "ipython3",
   "version": "3.8.8"
  }
 },
 "nbformat": 4,
 "nbformat_minor": 5
}
